{
 "cells": [
  {
   "cell_type": "code",
   "execution_count": 96,
   "metadata": {},
   "outputs": [
    {
     "name": "stdout",
     "output_type": "stream",
     "text": [
      "Объект Series:\n",
      "0    Вася\n",
      "1    Петя\n",
      "2    Коля\n",
      "dtype: object\n",
      "\n",
      "Объект DataFrame:\n",
      "     mark model speed\n",
      "0    Audi    XL   150\n",
      "1     BMW   X9s   210\n",
      "2  Toyota    M5   180\n",
      "\n",
      "Считали данные из файла titanic.csv:\n",
      "      PassengerID                                           Name PClass  \\\n",
      "0               1                   Allen, Miss Elisabeth Walton    1st   \n",
      "1               2                    Allison, Miss Helen Loraine    1st   \n",
      "2               3            Allison, Mr Hudson Joshua Creighton    1st   \n",
      "3               4  Allison, Mrs Hudson JC (Bessie Waldo Daniels)    1st   \n",
      "4               5                  Allison, Master Hudson Trevor    1st   \n",
      "...           ...                                            ...    ...   \n",
      "1308         1309                             Zakarian, Mr Artun    3rd   \n",
      "1309         1310                         Zakarian, Mr Maprieder    3rd   \n",
      "1310         1311                               Zenni, Mr Philip    3rd   \n",
      "1311         1312                               Lievens, Mr Rene    3rd   \n",
      "1312         1313                                 Zimmerman, Leo    3rd   \n",
      "\n",
      "        Age     Sex  Survived  SexCode  \n",
      "0     29.00  female         1        1  \n",
      "1      2.00  female         0        1  \n",
      "2     30.00    male         0        0  \n",
      "3     25.00  female         0        1  \n",
      "4      0.92    male         1        0  \n",
      "...     ...     ...       ...      ...  \n",
      "1308  27.00    male         0        0  \n",
      "1309  26.00    male         0        0  \n",
      "1310  22.00    male         0        0  \n",
      "1311  24.00    male         0        0  \n",
      "1312  29.00    male         0        0  \n",
      "\n",
      "[1313 rows x 7 columns]\n",
      "\n",
      "Группировка по PassengerID:\n",
      "Sex     Survived\n",
      "female  0           154\n",
      "        1           308\n",
      "male    0           709\n",
      "        1           142\n",
      "Name: PassengerID, dtype: int64\n",
      "\n",
      "Группировка по PClass:\n",
      "Sex     Survived\n",
      "female  0           154\n",
      "        1           308\n",
      "male    0           709\n",
      "        1           142\n",
      "Name: PClass, dtype: int64\n",
      "\n",
      "Сводная таблица:\n",
      "PClass    *    1st    2nd    3rd\n",
      "Sex                             \n",
      "female  NaN  143.0  107.0  212.0\n",
      "male    1.0  179.0  172.0  499.0\n",
      "\n",
      "Считали данные из apple.csv:\n",
      "                  Open        High         Low       Close     Volume  \\\n",
      "Date                                                                    \n",
      "2017-02-22  136.429993  137.119995  136.110001  137.110001   20745300   \n",
      "2017-02-21  136.229996  136.750000  135.979996  136.699997   24265100   \n",
      "2017-02-17  135.100006  135.830002  135.100006  135.720001   22084500   \n",
      "2017-02-16  135.669998  135.899994  134.839996  135.350006   22118000   \n",
      "2017-02-15  135.520004  136.270004  134.619995  135.509995   35501600   \n",
      "...                ...         ...         ...         ...        ...   \n",
      "2012-02-29  541.560005  547.610023  535.700005  542.440025  238002800   \n",
      "2012-02-28  527.960014  535.410011  525.850006  535.410011  150096800   \n",
      "2012-02-27  521.309982  528.500000  516.280014  525.760017  136895500   \n",
      "2012-02-24  519.669998  522.899979  518.640015  522.409981  103768000   \n",
      "2012-02-23  515.079987  517.830009  509.499992  516.389977  142006900   \n",
      "\n",
      "             Adj Close  \n",
      "Date                    \n",
      "2017-02-22  137.110001  \n",
      "2017-02-21  136.699997  \n",
      "2017-02-17  135.720001  \n",
      "2017-02-16  135.350006  \n",
      "2017-02-15  135.509995  \n",
      "...                ...  \n",
      "2012-02-29   70.278286  \n",
      "2012-02-28   69.367481  \n",
      "2012-02-27   68.117232  \n",
      "2012-02-24   67.683203  \n",
      "2012-02-23   66.903253  \n",
      "\n",
      "[1258 rows x 6 columns]\n",
      "\n",
      "Отсортировали данные:\n",
      "                  Open        High         Low       Close     Volume  \\\n",
      "Date                                                                    \n",
      "2012-02-23  515.079987  517.830009  509.499992  516.389977  142006900   \n",
      "2012-02-24  519.669998  522.899979  518.640015  522.409981  103768000   \n",
      "2012-02-27  521.309982  528.500000  516.280014  525.760017  136895500   \n",
      "2012-02-28  527.960014  535.410011  525.850006  535.410011  150096800   \n",
      "2012-02-29  541.560005  547.610023  535.700005  542.440025  238002800   \n",
      "...                ...         ...         ...         ...        ...   \n",
      "2017-02-15  135.520004  136.270004  134.619995  135.509995   35501600   \n",
      "2017-02-16  135.669998  135.899994  134.839996  135.350006   22118000   \n",
      "2017-02-17  135.100006  135.830002  135.100006  135.720001   22084500   \n",
      "2017-02-21  136.229996  136.750000  135.979996  136.699997   24265100   \n",
      "2017-02-22  136.429993  137.119995  136.110001  137.110001   20745300   \n",
      "\n",
      "             Adj Close  \n",
      "Date                    \n",
      "2012-02-23   66.903253  \n",
      "2012-02-24   67.683203  \n",
      "2012-02-27   68.117232  \n",
      "2012-02-28   69.367481  \n",
      "2012-02-29   70.278286  \n",
      "...                ...  \n",
      "2017-02-15  135.509995  \n",
      "2017-02-16  135.350006  \n",
      "2017-02-17  135.720001  \n",
      "2017-02-21  136.699997  \n",
      "2017-02-22  137.110001  \n",
      "\n",
      "[1258 rows x 6 columns]\n",
      "Средняя цена акции на закрытии = 304.19108882352947\n",
      "Средняя цена акции с февраля 2012 по февраль 2015 =  430.43968317018414\n",
      "Средняя цена акции по неделям: \n",
      " Date\n",
      "2012-02-26    519.399979\n",
      "2012-03-04    538.652008\n",
      "2012-03-11    536.254004\n",
      "2012-03-18    576.161993\n",
      "2012-03-25    600.990001\n",
      "                 ...    \n",
      "2017-01-29    121.164000\n",
      "2017-02-05    125.867999\n",
      "2017-02-12    131.679996\n",
      "2017-02-19    134.978000\n",
      "2017-02-26    136.904999\n",
      "Freq: W-SUN, Name: Close, Length: 262, dtype: float64\n"
     ]
    }
   ],
   "source": [
    "import numpy as np\n",
    "import pandas as pd\n",
    "\"\"\"задание 1\"\"\"\n",
    "\"\"\"series\"\"\"\n",
    "data = pd.Series([\"Вася\", \"Петя\", \"Коля\"])\n",
    "print(\"Объект Series:\")\n",
    "print(data)\n",
    "\"\"\"dataframe\"\"\"\n",
    "car = pd.DataFrame({\n",
    "    'mark': ['Audi', 'BMW', 'Toyota'],\n",
    "    'model': ['XL', 'X9s', 'M5'],\n",
    "    'speed': ['150', '210', '180']\n",
    "})\n",
    "print(\"\\nОбъект DataFrame:\")\n",
    "print(car)\n",
    "\n",
    "\"\"\"задание 2\"\"\"\n",
    "data = pd.read_csv('C:/R/titanic.csv')\n",
    "print(\"\\nСчитали данные из файла titanic.csv:\")\n",
    "print(data)\n",
    "print(\"\\nГруппировка по PassengerID:\")\n",
    "print(data.groupby(['Sex', 'Survived']) ['PassengerID'].count())\n",
    "print(\"\\nГруппировка по PClass:\")\n",
    "print(data.groupby(['Sex', 'Survived']) ['PClass'].count())\n",
    "print(\"\\nСводная таблица:\")\n",
    "pvt = data.pivot_table(index=['Sex'], columns=['PClass'], values='Name', aggfunc='count')\n",
    "print(pvt)\n",
    "\n",
    "\"\"\"задание 3\"\"\"\n",
    "data = pd.read_csv('C:/R/apple.csv', index_col='Date', parse_dates=True)\n",
    "print(\"\\nСчитали данные из apple.csv:\")\n",
    "print(data)\n",
    "data = data.sort_values('Date')\n",
    "print(\"\\nОтсортировали данные:\")\n",
    "print(data)\n",
    "print('Средняя цена акции на закрытии =', np.mean(data['Close']))\n",
    "print('Средняя цена акции с февраля 2012 по февраль 2015 = ' ,data.loc['2012-Feb':'2015-Feb', 'Close'].mean())\n",
    "print('Средняя цена акции по неделям: \\n' , data.resample('W')['Close'].mean())"
   ]
  },
  {
   "cell_type": "code",
   "execution_count": null,
   "metadata": {},
   "outputs": [],
   "source": []
  }
 ],
 "metadata": {
  "kernelspec": {
   "display_name": "Python 3",
   "language": "python",
   "name": "python3"
  },
  "language_info": {
   "codemirror_mode": {
    "name": "ipython",
    "version": 3
   },
   "file_extension": ".py",
   "mimetype": "text/x-python",
   "name": "python",
   "nbconvert_exporter": "python",
   "pygments_lexer": "ipython3",
   "version": "3.7.4"
  }
 },
 "nbformat": 4,
 "nbformat_minor": 2
}
